5.0179E-05
2.0166E-04
1.1460E-03
2.5222E-03
5.6568E-03
1.6147E-02
3.0712E-02
8.0512E-02
7.6758E-02
4.4010E-02
4.6685E-02
2.0028E-02
4.0262E-03
2.4344E-02
7.3547E-02
7.1946E-02
8.9495E-02
1.1503E-01
6.2685E-02
2.7239E-02
4.6851E-02
3.7615E-02
4.1771E-02
2.1390E-02
3.0048E-02
1.5408E-02
7.4251E-03
3.5461E-03
9.9806E-04
5.6977E-04
1.7337E-04
2.0305E-04
5.4037E-04
4.8419E-04
1.5746E-04
5.1156E-05
2.0827E-05
2.5484E-06
8.2729E-07
3.0899E-07
5.9997E-08
5.4050E-12
0.0000E+00
0.0000E+00
0.0000E+00
0.0000E+00
0.0000E+00
