4.8577E-01
2.0986E-01
1.1019E-01
7.5649E-02
4.8970E-02
3.1404E-02
1.9167E-02
1.0815E-02
6.9101E-03
4.7115E-03
2.8400E-03
1.6826E-03
1.1039E-03
7.2787E-04
5.2332E-04
4.5416E-04
4.3068E-04
3.9644E-04
3.4613E-04
2.7527E-04
2.0015E-04
1.4790E-04
1.1456E-04
1.0264E-04
9.7662E-05
9.3385E-05
8.9076E-05
8.5805E-05
8.4339E-05
8.5892E-05
8.8507E-05
8.7087E-05
8.1877E-05
7.7445E-05
7.6002E-05
7.4727E-05
7.0785E-05
6.5221E-05
5.7422E-05
4.4492E-05
3.6990E-05
3.2719E-05
2.9263E-05
2.6679E-05
2.3881E-05
2.1071E-05
1.8802E-05

